  0.21558147	 -0.92525394	  0.31213742
  0.80004389	 -0.27804288	  0.53162198
  0.79035179	 -0.55701053	  0.25511432
 -0.50950322	  0.73201848	  0.45227802
  0.32035208	 -0.58335753	  0.74637025
  0.07109409	  0.56699625	  0.82064662
 -0.60546371	 -0.72916847	  0.31894677
 -0.40975020	 -0.61240669	  0.67606421
 -0.39262194	 -0.05315267	  0.91816273
 -0.51082126	  0.03657097	  0.85890873
  0.24425374	  0.92926341	  0.27714549
 -0.55741244	  0.76994053	  0.31061704
  0.69373306	  0.64109043	  0.32823391
 -0.79443116	 -0.40578665	  0.45190300
 -0.57458778	 -0.79906757	  0.17703078
  0.49155651	 -0.38594161	  0.78065438
  0.40576186	  0.31625055	  0.85752137
  0.21599532	 -0.50733232	  0.83424214
 -0.15487815	 -0.37881231	  0.91242205
 -0.67883840	 -0.42391042	  0.59956517
  0.71818945	  0.35879655	  0.59621216
  0.49590597	 -0.82639329	  0.26674221
 -0.49613181	  0.18927550	  0.84736533
  0.67041587	 -0.50687638	  0.54186613
  0.97048832	 -0.18033585	  0.16009812
  0.59360585	  0.44591858	  0.66991695
  0.13456460	  0.75616138	  0.64040013
 -0.97113078	  0.16094850	  0.17606987
  0.84653760	 -0.00147310	  0.53232689
  0.37129058	  0.46632150	  0.80292438
 -0.24043332	  0.65724541	  0.71429706
 -0.55986177	  0.41473781	  0.71731956
 -0.51397356	  0.54994849	  0.65832198
  0.87987894	 -0.15493614	  0.44923027
 -0.55619456	  0.83039662	  0.03300097
 -0.07194339	  0.96027456	  0.26962367
 -0.12868202	 -0.08196285	  0.98829299
 -0.92445263	 -0.19775340	  0.32600755
  0.02191996	  0.12103728	  0.99240591
  0.12057268	 -0.73891578	  0.66292209
  0.80903090	 -0.13289462	  0.57254521
  0.77672271	 -0.41470267	  0.47405013
 -0.16265508	 -0.97922892	  0.12105387
 -0.01296866	  0.78104679	  0.62433783
  0.70070066	 -0.37404458	  0.60754361
 -0.24921067	  0.16278491	  0.95467016
  0.89338142	  0.11969483	  0.43306210
  0.52384242	  0.81631680	  0.24334338
  0.64965653	  0.15314581	  0.74464270
 -0.23726451	  0.83648621	  0.49395989
  0.96838015	 -0.05042639	  0.24432982
 -0.45073639	  0.67775479	  0.58093472
  0.27277429	 -0.70022059	  0.65976156
  0.91959259	 -0.02624590	  0.39199570
 -0.11281194	 -0.56208307	  0.81935102
 -0.52775835	 -0.51057688	  0.67880953
 -0.28033986	  0.53713498	  0.79554735
 -0.26774361	 -0.13949607	  0.95333845
  0.03841267	  0.67488585	  0.73692167
 -0.39132212	 -0.73464492	  0.55422364
  0.32692458	  0.59436068	  0.73474873
  0.70950812	  0.70060951	  0.07579276
 -0.03706018	  0.49057159	  0.87061246
 -0.39243629	 -0.91974680	  0.00771872
 -0.13537979	 -0.67485370	  0.72542732
 -0.62356561	 -0.03496467	  0.78098874
  0.08129649	 -0.95790367	  0.27533877
  0.86673306	 -0.29956855	  0.39878878
 -0.08315177	  0.85627434	  0.50978430
  0.94616859	  0.31543616	  0.07256056
 -0.87227309	  0.18706025	  0.45182753
  0.85603995	  0.38027277	  0.35012601
  0.06334257	 -0.55078563	  0.83223969
  0.42383537	  0.16041016	  0.89142143
  0.32301161	  0.93622731	  0.13835433
  0.13161276	 -0.98146097	  0.13932857
  0.43963507	 -0.79865014	  0.41094885
 -0.39486997	 -0.21070806	  0.89424819
 -0.39146069	  0.89523734	  0.21285823
 -0.78881546	 -0.58013567	  0.20300930
 -0.22049560	  0.31217071	  0.92408394
 -0.78502436	  0.27024321	  0.55740951
 -0.94652742	  0.32042428	  0.03760476
  0.89448758	 -0.44564617	  0.03593691
  0.16787056	  0.31219443	  0.93506904
  0.71831657	 -0.23073594	  0.65634003
  0.08952263	  0.95611463	  0.27898119
 -0.63353594	  0.66524857	  0.39506525
 -0.97204068	 -0.13794884	  0.19001849
  0.13468953	 -0.27579428	  0.95173328
  0.16047837	  0.90002224	  0.40522422
  0.53368902	  0.23612817	  0.81204650
  0.28019482	  0.71671249	  0.63860322
 -0.48701964	 -0.81949319	  0.30206419
 -0.31444839	  0.73271098	  0.60353693
 -0.68882546	 -0.69824439	  0.19486984
  0.72719596	 -0.66642394	  0.16451493
  0.44681745	  0.80658983	  0.38699744
 -0.26088594	  0.01175071	  0.96529811
 -0.09759243	 -0.85296506	  0.51276343
 -0.70938922	  0.19830668	  0.67634414
 -0.71518173	 -0.52356236	  0.46303082
 -0.87676211	  0.38990425	  0.28153663
  0.64837477	 -0.75830664	  0.06768454
  0.34799324	 -0.93667265	  0.03930714
 -0.72340642	  0.04792966	  0.68875678
 -0.06306092	 -0.96506408	  0.25431210
  0.93344252	 -0.17616800	  0.31248983
  0.15048761	 -0.12860722	  0.98021103
  0.26670335	 -0.94791878	  0.17412438
  0.21545785	  0.51942356	  0.82690815
 -0.17067440	  0.77274773	  0.61133558
  0.30008898	 -0.84747581	  0.43787140
 -0.83198985	  0.55208500	  0.05472692
  0.50351802	  0.38709418	  0.77241679
 -0.14365175	  0.98029873	  0.13556761
  0.38949043	 -0.30555792	  0.86886798
 -0.09872604	  0.69212189	  0.71499682
  0.74698974	 -0.66481553	  0.00516107
  0.09622902	  0.99520803	  0.01734809
  0.73306108	 -0.07463381	  0.67605565
 -0.88110599	 -0.10812855	  0.46039163
  0.98603142	  0.06778148	  0.15214372
  0.98272293	  0.17414483	  0.06268352
 -0.71216879	 -0.61854875	  0.33198351
 -0.76654464	 -0.31720585	  0.55838138
 -0.21507930	 -0.94183930	  0.25822400
  0.24823838	  0.96865680	  0.00903932
 -0.80732585	  0.12339161	  0.57706107
 -0.85000564	 -0.52094562	  0.07814143
  0.72705061	  0.53559061	  0.42958131
 -0.12086397	  0.06724291	  0.99038896
 -0.28863105	 -0.69804277	  0.65530787
  0.55003063	 -0.58335468	  0.59763167
 -0.37519517	 -0.50880509	  0.77481995
 -0.69781005	  0.54540548	  0.46432100
  0.94195374	 -0.31664947	  0.11160762
 -0.75587173	  0.63720660	  0.15041833
  0.81058643	  0.58271432	  0.05825516
  0.90842214	  0.35898985	  0.21423234
 -0.96997062	 -0.23240040	  0.07174291
 -0.01019126	 -0.32274112	  0.94643241
  0.16418018	  0.16578625	  0.97239899
  0.29008588	 -0.06749841	  0.95461728
 -0.43619832	  0.83383020	  0.33831674
  0.78155843	  0.40722444	  0.47258298
 -0.91636065	  0.24355516	  0.31774840
 -0.50730549	 -0.73945553	  0.44254566
  0.40927169	 -0.89821884	  0.16031096
 -0.97947892	  0.00648133	  0.20144241
 -0.74889947	  0.41205963	  0.51899561
  0.41723032	  0.65929223	  0.62550189
  0.61173550	 -0.31233344	  0.72679261
  0.57547679	  0.73384464	  0.36096884
 -0.18666053	  0.45250269	  0.87200869
 -0.59588423	  0.26978862	  0.75639678
  0.53226689	 -0.07689360	  0.84307730
 -0.25278582	 -0.88148968	  0.39884243
 -0.75678194	 -0.65022827	  0.06696484
 -0.50347005	 -0.27623372	  0.81866528
  0.62626199	 -0.62793872	  0.46204858
  0.09636532	  0.43018802	  0.89758119
  0.25259754	 -0.36741283	  0.89509904
 -0.93852584	  0.29567166	  0.17817831
  0.29711176	  0.08442141	  0.95110337
  0.89225650	  0.44868210	  0.05062329
 -0.60317216	 -0.36188952	  0.71078782
 -0.26831560	 -0.28913600	  0.91891627
 -0.99557515	  0.06533726	  0.06753640
 -0.69699838	 -0.25726196	  0.66933515
  0.51619580	 -0.23506443	  0.82358158
 -0.15360620	  0.91055338	  0.38379379
 -0.37831375	  0.79226300	  0.47874632
  0.62844002	  0.30539113	  0.71540156
  0.36375324	  0.77270370	  0.52020436
  0.27610457	 -0.21937395	  0.93575709
 -0.36398138	 -0.37091878	  0.85436340
 -0.42583653	  0.47945706	  0.76732273
 -0.16449926	 -0.77046139	  0.61589710
  0.20962386	 -0.80141131	  0.56017654
  0.54788757	  0.58745022	  0.59558496
 -0.99625333	 -0.07484827	  0.04332476
 -0.50795627	 -0.64557638	  0.57027325
  0.46733140	  0.53038039	  0.70731747
  0.73629632	  0.22432209	  0.63839434
 -0.26304672	 -0.81072372	  0.52300428
  0.61779423	  0.63134144	  0.46876249
 -0.61904697	 -0.64321230	  0.45062045
  0.82904545	  0.27230762	  0.48839758
 -0.61255363	 -0.19315445	  0.76646553
 -0.24127291	 -0.47103767	  0.84847563
  0.42107466	  0.00456133	  0.90701451
 -0.88807976	  0.04142089	  0.45781944
  0.56965288	 -0.73441308	  0.36896209
 -0.10740402	  0.21627909	  0.97040596
 -0.85629094	 -0.25583054	  0.44868314
  0.35904815	 -0.45124688	  0.81698267
 -0.12083741	  0.58334450	  0.80318585
  0.02225775	 -0.91343713	  0.40637078
  0.58669452	 -0.45410738	  0.67050430
  0.95312434	  0.21914282	  0.20863946
  0.73874657	 -0.54160447	  0.40114599
 -0.89225304	  0.43379936	  0.12531009
 -0.23452989	  0.93969495	  0.24893599
  0.40955873	 -0.15200510	  0.89953104
  0.35790160	 -0.88363607	  0.30181738
  0.81999811	  0.14343854	  0.55410151
 -0.38697716	 -0.82023472	  0.42126439
 -0.31066042	 -0.94091839	  0.13476903
 -0.94114327	  0.10056811	  0.32270017
  0.68589089	 -0.65639335	  0.31416789
  0.20777014	 -0.97811151	  0.01137680
 -0.46872183	  0.33746940	  0.81634199
  0.41701049	 -0.64760993	  0.63773319
 -0.06942073	  0.36318452	  0.92912742
  0.38904151	  0.88213667	  0.26548372
  0.27026020	  0.39369914	  0.87861278
 -0.01251225	 -0.99273264	  0.11968859
 -0.61413157	 -0.54517793	  0.57063424
  0.36070397	 -0.75687156	  0.54501201
  0.01448411	 -0.02821697	  0.99949688
 -0.79591448	  0.47366466	  0.37704366
 -0.84182343	  0.33359662	  0.42431899
  0.76088153	  0.61820414	  0.19718757
 -0.48251801	 -0.41148715	  0.77321064
  0.80095034	  0.51159959	  0.31103763
 -0.65703970	  0.74784499	  0.09500898
 -0.37981318	  0.60904379	  0.69628128
  0.46277871	  0.87837597	  0.11954717
  0.15798798	  0.01904394	  0.98725738
 -0.02293690	 -0.76409646	  0.64469411
 -0.44769090	 -0.88029682	  0.15700434
  0.15720882	 -0.88365117	  0.44096031
 -0.52565084	 -0.85014915	  0.03062065
 -0.13465935	 -0.23005422	  0.96381633
 -0.64856626	 -0.75946389	  0.05075830
 -0.29630832	  0.94866981	  0.11057567
  0.00414809	  0.91702386	  0.39881078
  0.54020721	  0.08235624	  0.83749246
  0.61487548	 -0.75848439	  0.21593884
  0.17329071	  0.97357151	  0.14875770
  0.87602673	 -0.44456670	  0.18691608
 -0.04032279	 -0.46119640	  0.88638138
  0.75036369	  0.06537137	  0.65778486
  0.94981491	  0.09600696	  0.29771514
  0.83674880	 -0.43382992	  0.33413029
  0.07406900	  0.85005551	  0.52145893
  0.49973639	 -0.69925666	  0.51117871
  0.01594291	  0.98872632	  0.14888282
  0.17060505	 -0.63165335	  0.75624596
 -0.81373164	 -0.02346440	  0.58076694
 -0.71997795	 -0.10382973	  0.68618593
 -0.87488242	 -0.35261061	  0.33203391
 -0.38486432	  0.10121217	  0.91740697
 -0.93366506	 -0.29224333	  0.20703478
  0.00725005	 -0.17628342	  0.98431275
 -0.80292465	 -0.49614175	  0.33038670
  0.63076324	 -0.15745470	  0.75983271
 -0.33114871	  0.39859518	  0.85525576
 -0.73642100	  0.60036345	  0.31184584
  0.64312132	  0.00232382	  0.76576077
 -0.35627203	 -0.89131989	  0.28039098
  0.81954197	 -0.56391856	  0.10171935
  0.22192479	  0.81943906	  0.52845909
  0.29804848	  0.23626548	  0.92484903
  0.85253221	  0.49004807	  0.18177382
 -0.94114303	 -0.05066739	  0.33418949
  0.49575277	  0.70969519	  0.50056162
 -0.79991275	 -0.17158599	  0.57506334
 -0.25778113	 -0.59569973	  0.76071724
  0.66583428	  0.49730780	  0.55619212
 -0.36324810	  0.25329126	  0.89660156
 -0.43746935	  0.89714113	  0.06130552
 -0.92334632	 -0.37618967	  0.07689538
 -0.30354148	  0.88132222	  0.36212390
  0.05372126	 -0.83769952	  0.54348278
 -0.82363615	  0.52173926	  0.22228726
 -0.63850791	  0.48380786	  0.59852954
  0.52429663	 -0.84498836	  0.10539319
  0.98148581	 -0.19153128	  0.00116752
  0.18737979	  0.64511150	  0.74075634
  0.99552251	 -0.05204508	  0.07890653
  0.59164823	  0.80060649	  0.09477143
 -0.58069946	  0.61425984	  0.53429672
  0.45949911	 -0.52371589	  0.71734388
 -0.11765836	 -0.91609802	  0.38330267
  0.10861060	 -0.41855454	  0.90167391
  0.01097547	 -0.65828831	  0.75268588
  0.91459052	 -0.31272895	  0.25636845
 -0.05875026	  0.99819800	  0.01221325
 -0.61719462	  0.11931674	  0.77771095
  0.03496032	  0.27166113	  0.96175777
 -0.66056653	  0.71278773	  0.23576581
 -0.68026239	  0.34489353	  0.64675461
 -0.52977388	  0.82874846	  0.18032089
 -0.51164980	 -0.11811535	  0.85103657
  0.90381563	  0.24422795	  0.35138299
 -0.87329491	 -0.44137384	  0.20626471
  0.30781545	  0.86201394	  0.40271778
  0.64769664	  0.73063590	  0.21600981
